0,278
63,6
63,5
63,4
63,3
63,2
0,9
63,1
63,0
62,35
25,1
25,3
3,1
3,3
10,72
10,194
10,186
10,228
10,248
10,230
10,122
9,6
9,4
9,2
8,7
8,10
8,12
8,16
8,9
8,5
55,3
55,2
55,1
55,0
52,3
52,1
47,6
47,5
47,4
47,3
47,2
47,1
47,0
45,3
45,1
31,3
31,2
31,1
31,0
30,3
30,2
30,1
30,0
29,5
29,4
29,3
29,2
29,1
29,0
28,4
28,3
28,2
28,1
28,0
27,4
27,3
27,2
27,1
27,0
26,4
26,3
26,2
26,1
26,0
25,2
25,0
20,3
20,2
20,1
12,3
12,2
12,1
11,29
11,28
11,27
11,26
19,2
11,25
19,1
19,3
11,24
11,23
11,22
11,21
11,20
11,19
11,18
11,16
11,14
11,12
11,11
11,10
11,9
11,8
11,7
11,6
11,4
11,3
11,2
11,1
10,310
10,306
10,300
10,296
10,288
10,285
10,282
10,276
10,274
10,272
10,262
10,249
10,232
10,227
10,220
